2425
1009
1108
2422
1373
1996
2427
4
1115
1089
796
2113
2017
2112
2268
33
2115
1966
19
2286
608
2058
1466
913
2435
542
1476
409
1090
1024
794
920
1025
26
2030
783
1183
2389
1013
142
2125
2226
614
256
32
1104
2118
230
779
800
1606
2277
248
2109
688
819
1153
800
350
1736
189
1292
392
707
532
298
1730
136
861
122
818
499
827
768
3513
2595
3067
2767
3172
3041
1896
837
2096
2052
1014
2074
403
2158
2128
2216
430
419
3527
645
1325
423
3512
775
646
2284
3564
1772
3180
424
2021
1332
782
2998
713
2067
2088
754
654
3491
1568
1998
3505
1330
2332
1806
2026
3055
3753
746
3556
1820
2609
65
932
2783
769
1320
3549
724
2151
2179
1736
961
3060
1347
1457
2169
1795
1970
2193
948
836
2177
4192
850
3605
473
688
3173
3470
3805
578
1984
707
2061
3660
1744
762
1169
4187
6871
1368
1361
118
5509
4668
1401
4070
1516
1169
2260
4915
1163
4027
3774
3086
2589
3218
4640
5926
2923
740
22
4623
7135
5184
290
5208
2500
2007
6181
114
1409
4771
7047
7086
3518
1494
178
1384
3529
695
2494
3525
3753
6322
5050
4268
7279
6656
2389
7022
4876
6359
3030
1017
4207
6476
4735
7117
765
6374
4847
6339
432
2234
1373
1923
2215
4986
6485
6332
2555
5252
7056
237
2213
1862
941
1371
1040
459
1166
669
823
627
888
473
1414
303
466
812
1825
1856
1844
1145
1144
625
834
993
120
1000
948
1180
2045
1218
1330
480
1719
2236
1033
2097
1397
5292
4454
2031
4883
4137
3686
2894
4872
850
3958
4322
5249
733
2508
3976
1977
339
1524
4129
2487
1488
2376
7007
6005
7755
8501
2380
3858
4310
2338
730
6565
8814
4630
8535
2344
3937
2383
3841
6022
2329
2375
8284
7418
2353
2112
502
464
6534
8280
8381
3882
8325
8264
6566
2363
8331
8268
5973
8355
2450
2732
505
2346
6693
2451
1789
5498
1826
8316
8390
3908
8489
1500
8305
6608
2404
2324
4363
8094
8492
1757
2430
7757
1750
8329
8257
7040
3916
5734
3233
1310
764
4012
545
3919
2081
1913
