2425
1009
1108
2422
1373
1996
2427
4
1115
1089
796
2113
2017
2112
2268
33
2115
1966
19
2286
608
2058
1466
913
2435
542
1476
409
1090
1024
794
920
1025
26
2030
783
1183
2389
1013
142
2125
2226
614
256
32
1104
2118
230
779
800
1606
2277
248
2109
688
819
1153
800
350
1736
189
1292
392
707
532
298
1730
136
861
122
818
499
827
768
3513
2595
3067
2767
3172
3041
1896
837
2096
2052
1014
2074
403
2158
2128
2216
430
419
3527
645
1325
423
3512
775
646
2284
3564
1772
3180
424
2021
1332
782
2998
713
2067
2088
754
654
3491
1568
1998
3505
1330
2332
1806
2026
3055
3753
746
3556
1820
2609
65
932
2783
769
1320
3549
724
2151
2179
1736
961
3060
1347
1457
2169
1795
1970
2193
948
836
2177
4192
850
3605
473
688
3173
3470
3805
578
1984
707
2061
3660
1744
762
1169
4187
6871
1368
1361
118
5509
4668
1401
4070
1516
1169
2260
4915
1163
4027
3774
3086
2589
3218
4640
5926
2923
740
22
4623
7135
5184
290
5208
2500
2007
6181
114
1409
4771
7047
7086
3518
1494
178
1384
3529
695
2494
3525
3753
6322
5050
4268
7279
6656
2389
7022
4876
6359
3030
1017
4207
6476
4735
7117
765
6374
4847
6339
432
2234
1373
1923
2215
4986
6485
6332
2555
5252
7056
237
2213
1862
941
1371
1040
459
1166
669
823
627
888
473
1414
303
466
812
1825
1856
1844
1145
1144
625
834
993
120
1000
948
1180
2045
1218
1330
480
1719
2236
1033
2097
1397
5292
4454
2031
4883
4137
3686
2894
4872
850
3958
4322
5249
733
2508
3976
1977
339
1524
4129
2487
1488
2376
7007
6005
7755
8501
2380
3858
4310
2338
730
6565
8814
4630
8535
2344
3937
2383
3841
6022
2329
2375
8284
7418
2353
2112
502
464
6534
8280
8381
3882
8325
8264
6566
2363
8331
8268
5973
8355
2450
2732
505
2346
6693
2451
1789
5498
1826
8316
8390
3908
8489
1500
8305
6608
2404
2324
4363
8094
8492
1757
2430
7757
1750
8329
8257
7040
3916
5734
3233
1310
764
4012
545
3919
2081
1913
992
1270
1265
1134
1272
1209
1206
914
5898
1285
1280
6602
1239
6660
1182
6605
5090
1356
5103
6585
2221
5004
4671
377
6455
1141
1049
6761
6568
5983
6601
1130
5246
701
6548
6618
1006
1274
1320
1193
1310
1375
1430
6587
1037
1048
5728
4459
910
7789
1410
1003
7712
1297
1399
1104
8569
7517
4267
6471
7910
1028
6600
1177
1236
1151
6454
4908
6285
6608
4278
7878
1072
5826
1390
8773
4352
6772
668
546
1936
475
5035
760
4789
2858
488
5144
3346
555
5567
514
659
1559
4813
582
1557
342
1223
1882
1863
4886
4821
4910
1356
1350
1811
1812
1525
1713
425
636
1632
368
214
376
1532
1311
1703
1539
412
1060
1076
409
713
1425
915
458
1523
1766
1705
921
1501
1279
1849
162
212
356
417
1859
1335
1351
1109
1836
13
363
221
180
378
1835
1829
1751
1698
1932
1548
223
1712
185
127
374
1052
1295
1107
1326
1470
1310
559
1721
795
372
1296
1302
1161
355
401
1878
1617
360
1515
1827
1127
452
2049
1184
269
3329
34
4034
2918
1200
4853
3847
1274
4624
4594
4171
4674
357
2216
3587
362
335
2207
2251
2343
4636
4673
2654
2257
286
2225
1565
3495
1361
2306
2424
2373
2719
221
2729
112
1081
2721
2537
780
2723
2646
2736
2733
1568
546
3207
2722
4267
2752
1383
4257
570
2497
2476
2783
2380
4101
3578
2775
3183
292
2715
2725
1413
2363
4104
614
2821
2412
6362
6289
1207
738
836
2042
4583
938
949
4765
2008
934
796
4608
1004
2681
915
3989
3766
4533
2636
781
2015
758
684
3874
1481
3569
809
3995
813
956
4524
2048
867
2701
810
4759
760
2060
807
1995
793
2215
681
1065
905
3996
179
2222
846
3726
780
3571
4090
932
3991
725
766
1959
3894
833
3782
3725
868
2792
731
3341
3825
4786
679
4532
3971
3785
2576
4572
4475
4321
4604
212
58
1025
2255
3776
180
691
840
128
783
1981
3062
2384
1548
475
112
431
393
371
465
118
422
115
152
372
90
365
70
135
354
400
19
402
255
463
382
18
76
36
471
364
374
332
37
451
313
331
389
360
396
368
119
232
330
472
56
31
390
130
466
329
77
101
71
392
454
113
381
109
171
369
383
464
437
9
334
436
362
126
250
214
335
143
441
453
53
198
79
138
377
67
42
299
148
419
122
34
47
28
186
292
347
2228
3171
3236
2523
3803
3910
3431
2534
1715
2433
1467
1722
4405
4849
3959
3843
612
4975
2337
2856
2516
4084
2344
2718
3836
4391
4838
3796
799
1140
3835
749
1929
584
236
942
3158
240
376
3790
1492
3039
1019
4978
1191
172
188
1777
2443
820
3684
4997
1921
3944
3010
1109
5004
2450
1172
358
2522
2954
2429
2923
3621
2549
593
2831
1069
4894
3828
3709
1732
4021
102
809
5327
1883
2756
2989
3645
482
4427
454
3869
470
3810
4771
4660
427
188
2674
4679
4793
500
4724
3790
383
2076
4737
5155
3077
5149
1550
883
3748
3966
3707
3955
3948
3042
4704
995
2062
1890
4746
2465
1041
4726
3830
2929
3002
3970
5071
501
4822
3759
2238
4483
4653
368
4700
4718
367
4678
3224
2243
3798
5626
2069
4005
3691
3406
4400
4768
723
1133
926
503
1074
26
10
1233
557
43
161
1017
558
1298
667
560
1236
158
652
216
233
1115
212
1344
1034
1057
1075
1054
1060
1063
1101
944
933
618
60
1187
1064
118
952
502
1104
500
362
471
993
1090
568
1100
1151
154
784
53
282
226
693
227
1092
577
464
347
1232
615
987
510
677
986
248
696
520
1396
1083
642
128
80
267
1397
760
640
657
3749
607
3223
659
3753
1059
1885
731
577
762
892
917
3742
1080
676
1247
612
16
813
3238
3732
636
750
3805
3200
3625
3431
1048
3660
614
3605
769
3663
3182
669
758
900
728
817
1775
875
1004
3240
1077
931
879
3665
909
908
733
186
668
325
1027
2339
5836
6408
4728
5770
1293
3883
291
7620
7702
994
6262
28
2877
6708
1205
4724
3637
6504
2322
7497
2125
8360
7661
735
6794
4484
3405
8290
5139
4797
2264
6961
7183
3469
2241
946
4672
4713
2253
4650
2303
8446
2360
8441
943
1817
6983
6949
1170
7282
6999
7430
4708
5337
6972
3364
1132
2223
4255
4126
3497
2227
3240
7689
8398
3624
2394
258
2004
7005
2228
8212
1037
8239
1865
1719
3071
3051
4198
283
4121
1397
4100
2218
2299
478
4052
4103
2274
3953
1931
3203
4199
4037
4001
2626
1872
1985
3930
4233
580
2617
2044
1356
4180
4109
2505
4072
4136
4050
1299
44
2166
465
3950
1987
3927
4388
2272
4267
3791
2633
4475
1139
2165
2182
1994
2541
2742
2097
1349
641
1330
4540
3296
2437
2325
194
4543
2116
4105
3246
1614
829
2551
1361
4062
2171
3196
2501
596
4053
2523
717
2137
3189
852
772
256
702
219
1252
552
551
631
598
944
724
675
715
699
819
34
802
1307
1111
830
791
1148
785
707
1044
831
851
725
680
856
738
406
1159
659
826
967
735
290
495
892
176
1203
207
1455
558
1238
1249
1318
848
317
1258
1022
331
876
1435
148
815
823
723
423
251
221
1256
1350
287
730
711
266
861
1419
947
1394
1452
839
585
1466
572
1065
898
59
1391
691
1005
806
3141
2694
398
136
7856
1337
3697
8015
955
7064
9370
7990
7471
7943
8018
4964
5981
179
6348
6023
4312
8011
8326
3643
3461
7197
5266
7912
7916
8167
5359
3676
4990
3409
2513
560
8033
229
3448
6041
3411
3146
5399
5959
6539
7949
6431
8008
7906
1304
7864
1718
3650
4452
8070
933
482
542
405
917
8320
2486
3343
4439
4649
4927
4426
2739
206
2391
5356
5552
4364
5323
5473
4704
1058
2395
2060
902
4931
2470
5141
678
73
2769
2287
293
583
3570
1952
3817
2765
5114
3147
4868
4687
514
4876
4560
1624
4768
3065
5061
662
3350
603
5588
3389
970
4753
1552
3845
5504
4653
2618
4379
2205
4577
3096
5490
2139
5062
2638
3862
3081
4666
2283
4885
1640
3140
2580
4722
2377
2178
1938
1892
1847
1822
1863
526
1833
1440
1834
2106
1867
563
266
1871
1788
508
1998
1919
1838
2121
286
4
38
423
267
65
34
557
97
92
102
55
413
461
287
198
436
431
458
96
40
478
405
192
45
160
82
150
149
505
89
136
481
486
433
7
280
496
395
2770
2755
7547
6011
6808
5723
5144
7860
7907
8954
3820
5085
6212
3337
1463
2013
7877
1000
1877
1848
9045
8379
5572
5833
634
1111
6631
1513
1778
4491
5464
5644
1655
4289
7025
317
7431
8288
3018
3616
2180
99
4568
4
4279
4883
8169
3794
7818
1757
6131
2761
3268
2399
7425
5998
3735
7566
6313
1591
255
4941
5406
5729
4633
5086
6843
2816
3699
6137
145
6955
6798
155
293
292
170
119
69
187
280
60
194
263
179
227
236
218
186
264
140
114
226
283
231
254
148
45
184
68
95
51
48
287
241
116
58
171
151
180
43
96
100
203
53
245
173
296
132
74
168
142
258
137
72
104
279
174
61
274
59
92
161
295
3
109
27
243
273
113
49
281
278
977
2533
144
3640
5427
5446
535
83
5649
2560
1389
6112
2465
2593
4924
6109
4523
2213
3404
3541
3198
3242
6100
3593
3375
4320
5171
3426
6117
569
1004
3051
2014
2200
5215
2218
1846
4621
4629
4263
5283
870
258
6048
1
5838
1143
3467
8
2707
6114
6116
2203
1943
1386
5199
6152
6136
3356
6128
6091
744
2520
2088
624
4306
590
4385
4483
1663
5712
4452
3449
5572
3423
2151
3226
2180
1048
3341
2105
1066
3537
3003
1131
797
2980
529
891
790
1200
4075
3438
2475
1601
810
2137
1223
3577
2756
787
857
3516
762
391
1130
2266
3389
918
1892
1127
3459
4619
3622
3606
3753
4873
3573
3846
3709
3844
191
3715
3874
3710
4723
3834
3726
4619
4811
3719
3599
6685
3782
3885
2822
3829
4105
1140
1888
2365
4503
3970
2369
2362
757
3062
3088
193
1753
2419
806
1231
3175
2613
2355
4185
1990
2410
2333
2366
1328
4296
2667
4302
2551
1333
2555
1167
711
4324
3748
4175
2645
1072
1088
2285
418
1529
3926
166
133
2479
1904
2561
758
1473
2191
2554
3036
1765
1376
1262
1380
2068
997
1393
960
532
207
886
1898
880
1
855
1117
946
2226
1241
1375
1369
154
160
2032
2070
1625
2069
1893
597
1762
525
963
2110
1199
1358
875
1336
2197
1949
887
1772
879
1368
984
18
2194
1209
987
876
1151
1018
276
1887
17
2192
980
1870
1769
351
1810
1340
2071
1139
1037
921
1880
245
1168
607
1758
2184
1034
1026
1025
1574
1861
1170
1451
1081
1899
1046
1345
1110
42
940
1857
620
906
55
2399
2181
12
853
2078
634
703
2255
5
2176
1244
856
707
60
1009
35
1553
2065
684
2386
1464
2238
343
45
2208
2317
1513
2478
922
1457
2449
879
819
2429
1917
433
2369
357
2162
1536
2426
946
1267
779
826
82
1005
168
625
14
5506
4090
6575
4650
5898
6358
6345
5892
312
2152
6147
5910
5905
5855
6405
2073
4533
5888
5473
3748
3308
5096
3298
5860
2592
4713
5904
4577
6424
74
5897
2069
6349
5861
6390
4585
5873
5843
980
2932
718
2386
2415
2786
1458
4817
3037
3036
723
5517
398
2170
3578
1824
1884
4047
1911
1765
641
1418
587
3277
3512
578
1881
3452
220
3816
818
2266
2987
4083
45
2179
3282
4043
3343
916
2232
852
648
61
4101
57
1490
3430
972
1460
2878
3936
4312
1845
3384
10
3001
3492
1784
3312
1469
3620
2927
1782
2750
3449
1807
4168
1790
584
1930
3352
2263
2149
2209
80
4053
6
633
433
401
3513
3298
1806
3316
933
3348
3403
913
866
168
1397
2173
735
1428
1375
1337
2193
779
2510
1331
3914
2164
749
4001
287
3212
706
5047
271
730
841
265
3988
4439
4428
1307
4463
1429
102
78
3
34
49
134
122
51
10
100
70
18
69
19
12
40
135
137
98
2
82
32
101
16
114
103
71
111
80
97
68
25
72
50
58
4
87
89
83
104
982
1187
1185
2671
1047
1129
413
2633
451
8
3663
1539
401
1194
414
2817
2079
1214
1186
229
994
393
1176
1823
1126
1133
1188
230
7
210
1077
1746
1076
980
1191
1150
269
1067
1213
1037
2763
581
2662
2771
1795
1603
329
1611
1653
1654
2632
1726
998
279
1000
2825
588
6842
5867
6144
2764
4602
1776
1880
2818
4639
900
902
6242
7245
4622
4197
4379
6202
4293
1783
1720
2410
3717
4781
1737
6390
6384
4528
6210
6272
5125
1640
4691
6170
1765
5334
2184
4634
6353
1698
4719
4284
1258
1894
1700
7214
2784
5270
1743
4825
4400
6667
2821
4805
4351
5650
6702
2885
1855
5613
438
1340
391
247
327
232
200
468
1781
1362
192
521
1291
313
224
343
152
380
1669
433
1453
205
1388
295
1185
1415
2539
372
262
504
306
486
1650
1154
168
2137
358
1651
1326
601
1011
1370
314
1591
1604
394
1769
2430
208
1997
312
2534
259
243
1483
235
1745
2018
236
1495
1513
316
2480
1294
1417
576
289
1693
1457
1751
1442
33
344
444
2514
349
1088
2051
873
7197
7108
636
6378
6360
156
828
4177
3837
2185
7152
2076
2107
7434
4375
1855
168
1928
5234
2146
7102
6693
4539
8384
5007
1985
2092
1492
4440
2025
3893
2010
3284
6610
4772
3003
2317
3820
844
2990
3141
2291
2895
3228
3657
1288
2144
425
2251
1577
603
1883
3692
2880
3354
809
2729
128
364
3205
3327
1915
3369
3423
3289
1503
70
1804
609
4641
3849
1718
5909
7111
4620
2069
2784
2033
1310
5271
9443
4045
4282
1487
3584
1416
1474
16
2519
2784
773
3679
74
3699
4423
2496
1124
1777
2574
104
3742
612
1298
4454
1634
157
1913
2785
72
3545
1148
862
96
1135
4544
2527
1053
2437
1284
577
2808
1333
11
565
2
23
330
116
136
157
130
91
208
80
13
357
8
0
261
302
7
147
88
196
36
203
309
242
153
85
231
177
64
655
67
62
79
34
69
46
194
152
246
215
47
143
123
61
55
154
199
180
118
567
174
148
75
258
481
222
220
70
38
156
489
90
92
225
224
40
155
211
333
292
131
672
427
24
175
59
78
274
43
45
249
184
9
540
619
87
169
57
289
3214
3030
3109
3119
3013
341
2928
3022
2913
1047
3191
3003
2964
3101
732
2973
3068
2839
2972
817
752
2262
2539
312
2989
2745
2948
3142
3060
785
3098
1380
3150
1367
3062
2975
3139
2918
2011
3092
843
2990
222
1259
2804
3136
2500
2730
1319
2561
1874
2992
2883
675
3082
811
2934
3111
635
3035
3090
301
2284
229
2297
1382
3166
2007
19
2919
3049
3163
2876
2307
1263
2981
238
2734
2098
1272
2860
2921
3162
1970
2983
1120
1853
2770
2665
1349
437
1725
1167
1058
2410
1128
2729
2708
467
3132
1185
562
2698
2671
614
2749
1838
2699
1120
924
3095
1149
2240
1092
3093
2750
662
1050
1857
1154
1139
1212
2650
2673
888
2697
1204
208
2117
2730
1854
1818
440
2835
2929
968
629
2704
2731
439
1205
2781
2861
971
864
2694
2785
2075
2620
3069
2006
1115
1214
2966
3031
2778
1295
2690
1188
1311
2732
2618
2674
2672
1334
3135
3086
1884
1004
1101
2762
1111
2605
1386
2389
1096
244
2005
1243
376
1183
1338
2928
2516
2683
1529
2120
2919
744
1289
607
1743
1339
3092
3134
1769
1764
1199
904
306
1720
2382
3089
2116
694
1233
2417
1367
1711
3046
1277
1771
3041
2848
1738
3104
691
3037
1254
1201
91
1752
760
2718
2083
2033
2321
560
602
3078
3121
3136
1365
718
217
1298
805
2057
572
1813
1650
2706
299
2051
220
584
2961
742
527
1783
521
3148
2659
522
2331
863
1280
2845
2734
3058
597
784
2412
4134
3686
4178
1402
4031
3858
1892
3182
3809
2298
1487
617
1935
4122
865
4083
4321
2177
1295
2712
2990
2294
2409
1929
2065
16
2776
1294
563
3711
3580
2351
2801
3980
4028
234
290
3937
1162
2532
252
882
2214
2080
542
1485
2713
4080
3778
2146
4032
1728
1690
3247
635
2291
3394
3349
710
2667
3640
545
7839
5569
5540
5448
263
476
5526
4910
708
7837
5370
5436
6530
1275
1310
7845
6624
3844
1309
7852
366
78
398
368
354
349
384
382
381
291
378
267
332
113
399
3778
3078
243
801
3957
4776
4133
3798
2278
3762
3839
4142
3831
2893
3829
3776
937
3024
2654
2559
3821
3015
2927
3723
2478
3063
3760
2881
2806
929
3789
2729
3698
2473
1144
226
4659
5333
155
256
4185
4633
4281
1558
3922
4357
4227
4216
444
5054
369
1566
2695
4299
4248
1172
2732
3851
5216
1150
2750
3473
4219
4250
1732
178
4326
3850
1173
3153
1739
1061
1048
192
1059
1736
5268
82
4981
1672
5095
368
2203
743
2658
943
4644
1902
4201
2689
5435
1202
4292
5492
516
3186
752
2852
434
2220
2555
820
1136
3265
3348
1125
3290
2479
403
3519
316
2008
544
2023
348
931
3046
406
706
1799
3852
3033
1786
3327
34
1194
2118
1645
3344
2637
38
2818
3166
731
1826
2780
1661
2809
2902
718
2575
492
2307
1537
809
3472
3800
2609
2240
584
117
1569
6539
916
4772
5293
4097
3955
4887
3436
1575
5304
6628
2355
3119
1468
5846
1459
1938
4731
7001
2980
4544
6976
3404
6110
7586
6975
2532
1436
3281
6264
1295
2836
1471
922
1936
1494
1593
6383
1433
1395
6513
3405
4943
4778
3829
326
3437
3412
5586
1330
3448
4396
6943
7166
1492
1590
232
71
203
2567
256
213
60
587
47
13
206
62
2739
403
1114
3512
156
411
2685
2124
413
804
238
301
1201
169
48
216
1692
104
1760
472
337
227
1771
1208
1766
1586
886
1024
2232
2234
1605
771
1531
694
1037
1842
1727
1222
1257
1750
766
1550
1141
175
1995
2195
162
284
623
254
2693
1007
3223
1857
3545
1894
2959
1541
3918
1574
2170
883
3764
2848
1899
3651
3548
1020
1975
895
2771
3137
2321
2427
807
1889
3534
760
315
2530
3254
738
3976
61
264
774
695
1191
4136
3168
1315
844
2512
2438
1919
2538
3193
3285
834
3304
1916
2980
806
2957
857
52
486
64
408
450
25
91
1048
1221
556
400
462
997
474
403
715
1065
427
460
10
713
1197
1012
1193
1173
3847
7346
1458
9004
795
835
2223
3388
4010
1195
3258
7292
2183
5593
1690
1745
7360
304
296
381
366
164
359
267
289
315
357
352
245
371
376
240
375
360
313
58
311
250
74
44
333
16
25
308
362
276
302
170
266
287
285
309
298
256
79
7143
5745
3271
5654
6487
5794
6554
7827
3231
5556
513
3771
2791
5553
7211
5869
4099
2036
2425
1659
4877
5562
7424
4362
5958
7546
4665
7408
4622
3119
1808
7418
6674
5616
6728
1120
8110
4214
5139
4616
5142
1163
3116
2385
5056
4102
3972
4017
5372
7610
6193
2367
7376
776
7409
729
528
767
7401
2419
2475
6448
780
925
5126
5647
1653
5768
7068
5806
4105
1214
1173
1247
1237
1235
1111
1196
257
966
514
1318
1236
1090
1255
614
252
2728
1243
1239
326
1244
1191
2725
444
2730
1311
1246
1500
1184
1094
1088
1529
2485
1262
1266
1322
362
1180
2511
1581
1367
1363
1316
1168
469
459
1327
93
99
483
428
1319
664
1158
2003
2235
2113
1221
302
1208
422
1700
604
1993
1278
327
1210
284
88
1982
2965
928
3300
1100
4068
2186
192
7745
8623
9032
5691
6675
2543
2292
7763
5687
4021
905
3070
2392
7149
8348
1717
7696
5595
4934
5998
165
5060
7280
8504
7193
1079
4943
5651
2942
4019
7530
4681
920
1089
5790
6713
2258
2008
4925
9028
8485
5547
3011
940
3835
259
5763
8451
4219
2081
122
7511
2087
8614
7639
2079
4775
6036
1755
6581
4201
4107
5403
4169
2878
4252
3031
4122
4123
503
2857
4024
4114
4056
4905
3916
2829
1050
4134
3421
3781
4267
4185
4801
4112
5180
2921
2256
2896
2818
584
2824
4119
2718
4190
2933
5705
4139
5387
2833
5590
3808
2871
4115
4729
4102
6363
7957
6549
2929
3280
3299
4138
5566
4392
4242
7985
2208
166
2955
87
2973
2977
1389
2993
4334
4332
57
60
1502
2499
2626
2402
2276
200
1507
1026
1446
249
1070
1301
1118
1345
150
973
766
851
266
1393
373
1226
1432
1093
1268
1529
155
159
991
1155
1441
114
1201
1434
1370
1492
1245
1178
380
149
1488
1062
1442
1008
943
137
573
215
1101
931
1296
1668
1607
1511
1531
1025
343
1401
1500
201
1505
1150
142
954
1588
1043
166
1256
157
774
115
121
1222
116
1419
1540
708
919
1264
203
1065
105
1395
6271
8366
9058
5130
2096
1925
401
2059
1870
461
6142
8638
6229
1832
6189
6187
399
9083
8924
2547
5068
8991
5038
8921
1775
59
1802
6203
5695
5465
442
6405
2894
8935
5525
1894
8833
3843
4847
6133
8262
9132
1979
2232
6222
1993
8699
8971
190
514
7191
5128
3626
2255
2221
6622
5046
8496
7353
7261
7296
5213
7710
1824
2734
5427
1894
2000
7611
102
6559
7216
6671
3520
3115
7671
2985
8364
15
8392
9001
8440
6942
5471
8586
1935
7874
7365
189
7195
7606
7586
5281
8519
7570
7875
8661
1813
2585
2536
8485
5284
7340
1908
7628
5174
4425
9
7584
7768
3260
1901
5286
69
8644
1927
2494
5191
7685
7411
3047
7249
741
6768
5251
5344
8366
4213
8669
108
8394
8709
7743
7579
5090
8677
3076
5308
8396
2060
8477
5327
6543
5146
1826
3191
4509
257
827
7141
6921
6110
5120
1391
7184
6999
7331
7823
6753
4365
1285
1387
5107
7412
1251
8586
7329
908
6784
7959
8391
7206
2025
2516
327
2496
7910
7900
2176
7131
7884
7656
5023
9609
7832
2602
7291
2527
5638
1880
5708
7249
255
6754
5161
4338
7825
7133
2799
7858
4512
2557
3389
3964
5305
7915
4906
7813
5885
4767
7762
7875
5983
8367
4786
3592
2296
4812
8099
4830
8092
8295
5804
8050
6774
8009
4791
7970
4369
323
8
5638
129
5726
26
5859
5286
2811
4902
7607
396
8215
2724
8071
4343
5898
8202
5788
2881
8172
8079
7832
3872
5902
6550
4505
2405
8185
7738
2477
4096
5893
1500
214
5986
8129
2801
4432
2612
5083
6944
4414
2235
1283
1885
8421
6891
3940
8203
6438
4591
9193
505
280
2674
6020
6585
9227
7519
1300
7545
1332
5489
5190
8540
4563
6837
1572
1247
1515
1167
2551
3221
1265
7435
8715
8827
7282
6469
2844
1359
887
6936
1985
1130
3195
4535
8546
6415
9407
2018
760
2006
6912
3544
6576
3614
6550
2759
5741
3966
2465
4530
5721
5970
5122
6575
1741
4739
4298
3799
5464
3381
5549
6707
3733
4547
5820
3541
2776
4498
747
5544
4195
1277
3392
6260
5802
799
1146
3711
6304
6529
3548
5553
1054
4359
413
5484
4139
4350
4776
3926
530
5272
5679
4576
245
3721
4590
1114
3546
3281
3641
5223
3499
3423
814
3331
3491
4818
570
5848
3701
3651
3513
6524
5846
6410
1021
4573
3645
3493
4873
6393
5394
3542
4768
3791
5955
4368
4856
424
6630
5988
3713
5786
4556
5579
5295
3622
3661
6560
2096
900
883
911
2203
1066
897
1053
2164
988
947
1041
889
1034
348
2341
3885
944
872
774
1017
2535
4335
5328
96
2775
5289
180
2746
1675
5315
3084
1676
5299
5312
3098
5275
265
3124
5318
5417
5272
6700
4855
3110
1865
4848
7687
4794
5058
236
5235
5263
105
5324
449
3793
5270
1249
7885
1809
5134
1931
222
5716
56
5357
745
7598
1648
5384
5319
124
7848
5259
2951
143
4093
4457
5317
2702
5246
1088
7583
5810
6778
5348
98
7469
433
5987
4866
6684
357
5245
5705
3653
2766
1437
5980
5306
7647
122
738
7481
2416
3711
3801
6665
6551
3747
6664
6534
2893
6167
7284
6747
3203
4270
3614
3198
6532
5343
2614
3543
2921
6378
3922
2501
6886
6030
7577
5185
6031
3169
6689
6256
3073
6554
6151
7984
8031
4173
3371
2362
6727
3501
65
5352
2635
5385
7741
2442
7508
3633
6558
4712
4679
5667
2395
739
1796
2747
4795
1172
4776
6677
6119
6468
1907
6494
2836
5776
3342
2806
3351
5306
6049
1850
8405
3637
5437
1241
1083
3459
6134
3207
3976
3014
4658
7480
2470
8345
1985
6929
3878
3778
1316
1187
5642
6910
3990
4006
3705
3695
7091
6881
5605
7071
6165
3866
1019
3853
2732
6912
3595
6921
2473
6878
4772
3605
6948
6272
3278
3255
5072
6909
3838
6893
6899
3809
5388
4218
3999
6897
5683
3161
6890
3888
4177
2775
1209
6914
6931
3116
6840
6939
5395
2016
4185
3341
3722
6873
4215
1467
3716
5418
5997
5164
6706
5034
4156
4159
1783
4744
2959
6719
578
4035
4840
6920
7086
2081
1410
6677
7209
6926
7188
6023
5027
1919
4642
3141
5197
6652
6917
4964
4310
416
1025
158
435
1465
1141
489
667
555
494
1244
902
1121
683
1628
473
545
633
631
118
1279
689
999
1175
1085
679
396
1351
621
1494
754
172
711
1265
8
668
1136
881
568
469
1291
669
1383
51
949
892
1408
178
293
1284
390
1617
601
1115
1296
176
761
770
839
831
373
1361
955
490
144
1447
1381
1384
1537
493
849
826
370
649
665
652
99
1283
431
554
2598
2222
7207
2150
5575
6000
977
1725
5121
1575
3513
3341
417
3114
3669
7321
6788
232
1773
5011
637
4280
4198
3340
5189
3187
6161
5142
3699
3168
7765
3106
4242
7523
8793
424
4620
2326
3728
8144
5355
825
2114
4837
7551
1426
3681
6196
237
5077
1281
2207
1406
6429
2166
7771
7246
5029
7356
4969
3599
618
6469
2321
624
3263
8484
4955
6190
5135
4836
7240
3653
3663
3095
4152
5724
611
598
112
3733
1259
6152
3521
1468
487
6399
3704
8121
5227
467
5127
2363
283
193
86
202
247
195
295
290
81
358
108
552
250
91
605
433
590
596
121
242
330
403
74
211
314
326
282
478
29
126
28
94
238
263
182
248
497
507
237
267
331
416
588
98
339
578
138
255
453
305
258
424
90
279
239
288
445
286
78
205
302
116
175
214
545
222
285
598
413
466
310
70
292
203
189
296
34
336
418
72
137
206
201
604
357
3
280
257
329
317
595
62
73
278
476
82
514
4005
1596
1670
2802
3757
3452
1684
3985
3158
3479
2576
2137
1664
3453
1565
3493
1634
2226
2144
3394
1583
2124
2272
2274
2468
1235
3682
2143
3635
3761
2336
1567
1507
3196
555
2026
1578
1586
2238
3284
2243
2353
1669
1683
2286
2104
3322
3541
4079
1739
126
3785
1651
195
2225
3233
2256
2223
3642
3391
1644
3568
1570
1631
3754
2146
3817
2485
1513
3337
1719
2965
2775
2341
3291
3867
1597
1687
84
1615
1448
3402
2264
1462
2088
3727
2123
3410
5961
3943
4125
3908
4585
4518
2492
2440
4931
6461
4202
995
3907
3827
5163
2424
4247
996
5809
4330
3804
4529
4831
4147
6449
4308
4364
2625
2415
1341
4414
3864
6792
4037
3820
2487
4593
308
3944
3923
1103
4366
287
563
4473
226
3065
4248
5505
4015
4576
5861
4003
2403
376
4082
1625
2478
6374
6239
1598
6359
1982
3854
3919
3883
5673
4677
815
5361
1947
1049
5447
5165
5247
4142
2519
954
4008
6826
4145
4431
5280
3341
5295
3836
7204
4538
1591
3468
4938
5382
3577
6290
5392
6197
5849
4746
859
8294
4323
3516
3797
3706
2038
1294
840
1447
1452
3774
3644
2981
2411
2108
2046
3840
719
1503
3051
2581
2414
3479
2350
3659
3920
3562
3850
3973
541
3912
2437
2761
1103
1302
3898
1181
5015
467
2523
982
1400
4543
3761
1743
2183
5041
1497
4570
2077
1778
4464
3653
3593
1755
1768
2174
1127
2360
4908
3561
2606
6955
4306
285
8280
7998
8252
6938
332
557
672
516
8371
6137
8251
5942
508
6953
1238
1084
6050
6078
4013
6854
5273
5895
6029
4946
6129
8062
7205
552
1349
